Date|Open|High|Low|Close|Adj Close|Volume|
2019-10-14|626.000000|743.799988|625.000000|727.750000|723.979370|45270607|
2019-10-15|736.000000|747.400024|696.049988|713.150024|709.455078|10530041|
2019-10-16|714.000000|721.000000|698.250000|700.650024|697.019836|3476306|
2019-10-17|700.099976|733.000000|687.150024|724.299988|720.547241|5032930|
2019-10-18|725.000000|789.900024|716.049988|779.150024|775.113098|9733230|
2019-10-22|786.950012|866.750000|781.000000|844.700012|840.323486|9346788|
2019-10-23|866.000000|909.900024|866.000000|900.299988|895.635376|9023269|
2019-10-24|924.950012|953.500000|862.650024|902.049988|897.376282|11871313|
2019-10-25|905.000000|916.000000|876.000000|899.049988|894.391846|3849535|
2019-10-27|null|null|null|null|null|null|
2019-10-29|907.000000|907.400024|878.650024|883.099976|878.524475|2023748|
2019-10-30|881.000000|920.000000|880.849976|890.450012|885.836426|3276203|
2019-10-31|900.000000|907.700012|877.000000|881.700012|877.131775|1839718|
2019-11-01|885.000000|907.950012|883.099976|890.500000|885.886169|1882230|
2019-11-04|895.000000|898.000000|880.250000|883.450012|878.872681|839167|
2019-11-05|886.700012|907.000000|871.299988|881.500000|876.932800|2038067|
2019-11-06|885.000000|895.000000|881.000000|884.299988|879.718262|990090|
2019-11-07|889.000000|892.000000|880.099976|881.500000|876.932800|775102|
2019-11-08|879.750000|891.000000|872.299988|876.900024|872.356628|948769|
2019-11-11|886.000000|943.349976|884.000000|932.900024|928.066467|5501875|
2019-11-13|955.000000|980.900024|903.200012|932.049988|927.220886|6174470|
2019-11-14|915.000000|947.000000|897.000000|907.299988|902.599121|2867396|
2019-11-15|920.000000|939.799988|902.000000|928.200012|923.390808|3194038|
2019-11-18|934.099976|937.900024|917.049988|922.150024|917.372192|1144000|
2019-11-19|922.750000|924.000000|900.000000|902.549988|897.873718|1104593|
2019-11-20|909.000000|917.000000|890.000000|895.700012|891.059204|1264597|
2019-11-21|898.000000|906.000000|880.099976|884.799988|880.215698|1297118|
2019-11-22|889.000000|889.000000|872.400024|875.900024|871.361816|747673|
2019-11-25|879.000000|890.000000|873.099976|882.150024|877.579407|687565|
2019-11-26|887.000000|895.000000|875.500000|878.700012|874.147278|794348|
2019-11-27|881.099976|891.000000|880.000000|883.250000|878.673706|586626|
2019-11-28|884.950012|887.799988|878.099976|882.450012|877.877869|415748|
2019-11-29|882.150024|918.700012|878.000000|897.250000|892.601196|1799753|
2019-12-02|902.000000|902.849976|878.150024|881.049988|876.485107|466420|
2019-12-03|886.000000|889.000000|871.000000|875.000000|870.466431|550857|
2019-12-04|872.000000|885.000000|862.299988|874.099976|869.571106|741046|
2019-12-05|879.500000|888.900024|872.000000|875.950012|871.411560|526976|
2019-12-06|877.000000|878.650024|868.150024|872.349976|867.830139|355371|
2019-12-09|876.549988|876.549988|864.150024|867.400024|862.905884|354249|
2019-12-10|869.799988|869.799988|855.299988|860.900024|856.439514|394809|
2019-12-11|863.900024|869.950012|855.500000|864.650024|860.170105|441041|
2019-12-12|865.000000|878.000000|860.099976|869.900024|865.392883|290277|
2019-12-13|874.250000|903.400024|870.099976|890.500000|885.886169|1400505|
2019-12-16|894.500000|894.500000|882.150024|886.700012|882.105835|356192|
2019-12-17|889.000000|898.500000|883.000000|886.750000|882.155579|563331|
2019-12-18|886.799988|887.500000|873.299988|875.349976|870.814636|284932|
2019-12-19|872.200012|876.000000|866.200012|869.700012|865.193909|302745|
2019-12-20|874.000000|874.000000|865.500000|866.849976|862.358643|261200|
2019-12-23|868.000000|870.000000|861.000000|864.750000|860.269592|328209|
2019-12-24|885.000000|899.799988|875.200012|887.549988|882.951416|2404158|
2019-12-26|886.000000|888.000000|874.500000|876.900024|872.356628|392561|
2019-12-27|881.950012|885.400024|877.000000|880.599976|876.037415|420523|
2019-12-30|885.250000|937.450012|883.299988|926.150024|921.351440|3047571|
2019-12-31|932.000000|954.700012|921.299988|933.450012|928.613647|3889180|
2020-01-01|941.900024|953.849976|934.799988|944.349976|939.457092|1718655|
2020-01-02|944.000000|944.000000|927.049988|930.400024|925.579468|657531|
2020-01-03|928.000000|943.500000|927.549988|931.400024|926.574280|868570|
2020-01-06|927.000000|927.049988|890.099976|894.450012|889.815674|784734|
2020-01-07|897.000000|921.500000|897.000000|907.400024|902.698608|697359|
2020-01-08|899.000000|902.599976|886.299988|896.150024|891.506897|554070|
2020-01-09|910.349976|920.599976|910.000000|913.650024|908.916199|599400|
2020-01-10|912.000000|927.400024|908.650024|917.250000|912.497559|508777|
2020-01-13|920.000000|942.799988|916.049988|939.150024|934.284119|782985|
2020-01-14|945.000000|983.700012|942.049988|974.150024|969.102783|2897447|
2020-01-15|978.000000|996.000000|973.849976|985.400024|980.294495|1712570|
2020-01-16|984.799988|1008.349976|984.750000|1003.650024|998.449890|1521414|
2020-01-17|1010.000000|1025.000000|1010.000000|1021.849976|1016.555603|1099347|
2020-01-20|1027.199951|1028.199951|988.049988|993.349976|988.203247|887648|
2020-01-21|992.400024|994.400024|978.000000|982.750000|977.658203|576489|
2020-01-22|990.000000|1006.000000|987.000000|996.849976|991.685120|594103|
2020-01-23|998.599976|1000.750000|989.000000|995.500000|990.342102|326740|
2020-01-24|1000.000000|1012.599976|992.099976|1002.700012|997.504822|486570|
2020-01-27|1001.900024|1017.450012|995.000000|1007.599976|1002.379395|552128|
2020-01-28|1013.599976|1059.900024|1010.150024|1048.699951|1043.266479|1302893|
2020-01-29|1072.500000|1129.900024|1063.500000|1116.400024|1110.615723|2878180|
2020-01-30|1132.800049|1164.000000|1116.050049|1137.150024|1131.258179|3814613|
2020-01-31|1152.099976|1235.000000|1146.050049|1210.300049|1204.029297|3326290|
2020-02-03|1194.349976|1263.000000|1186.050049|1250.849976|1244.369141|2852658|
2020-02-04|1290.000000|1438.000000|1286.000000|1412.650024|1405.330811|6594725|
2020-02-05|1457.000000|1547.800049|1441.000000|1508.550049|1500.734009|10960302|
2020-02-06|1532.000000|1563.000000|1472.000000|1504.300049|1496.505981|5593623|
2020-02-07|1500.000000|1528.000000|1482.000000|1513.500000|1505.658203|2379411|
2020-02-10|1523.900024|1538.000000|1466.000000|1480.199951|1472.530762|2990816|
2020-02-11|1495.199951|1505.000000|1378.599976|1408.000000|1400.704834|2889010|
2020-02-12|1395.000000|1450.000000|1350.000000|1415.250000|1407.917358|5342502|
2020-02-13|1583.500000|1609.800049|1515.349976|1580.349976|1572.161865|11381387|
2020-02-14|1599.000000|1603.900024|1548.599976|1557.400024|1549.330811|3329548|
2020-02-17|1564.900024|1565.000000|1510.000000|1518.650024|1510.781616|1568959|
2020-02-18|1515.000000|1648.000000|1485.000000|1638.599976|1630.110107|7586511|
2020-02-19|1666.300049|1872.699951|1658.400024|1831.900024|1822.408569|13312044|
2020-02-20|1870.000000|1977.000000|1862.050049|1930.050049|1920.050049|12052002|
2020-02-24|1900.000000|1989.900024|1812.000000|1923.500000|1923.500000|9857426|
2020-02-25|1923.300049|1994.000000|1917.000000|1951.949951|1951.949951|5764224|
2020-02-26|1959.000000|1983.699951|1940.000000|1951.650024|1951.650024|3688725|
2020-02-27|1967.000000|1970.000000|1888.800049|1909.400024|1909.400024|3475379|
2020-02-28|1842.000000|1865.900024|1731.300049|1743.800049|1743.800049|5090258|
2020-03-02|1810.000000|1873.699951|1636.449951|1723.250000|1723.250000|4904409|
2020-03-03|1770.000000|1809.000000|1686.550049|1739.300049|1739.300049|4315203|
2020-03-04|1752.000000|1765.000000|1565.400024|1565.400024|1565.400024|4406093|
2020-03-05|1507.000000|1524.949951|1411.099976|1430.849976|1430.849976|7607334|
2020-03-06|1359.349976|1359.349976|1359.349976|1359.349976|1359.349976|232008|
2020-03-09|1291.400024|1291.400024|1291.400024|1291.400024|1291.400024|135065|
2020-03-11|1226.849976|1355.949951|1226.849976|1285.349976|1285.349976|4083924|
2020-03-12|1221.099976|1221.099976|1221.099976|1221.099976|1221.099976|135485|
2020-03-13|1160.050049|1268.800049|1160.050049|1227.750000|1227.750000|3182947|
2020-03-16|1181.099976|1198.000000|1166.400024|1166.400024|1166.400024|1345125|
2020-03-17|1152.000000|1178.800049|1108.099976|1108.099976|1108.099976|1797999|
2020-03-18|1076.599976|1087.949951|1052.699951|1052.699951|1052.699951|411908|
2020-03-19|1000.099976|1033.000000|1000.099976|1000.099976|1000.099976|671820|
2020-03-20|970.250000|1005.000000|950.099976|951.000000|951.000000|3067933|
2020-03-23|903.450012|903.450012|903.450012|903.450012|903.450012|166234|
2020-03-24|861.000000|877.950012|858.299988|858.299988|858.299988|269327|
2020-03-25|820.250000|825.000000|815.400024|815.400024|815.400024|295269|
2020-03-26|774.650024|856.150024|774.650024|856.150024|856.150024|1053226|
2020-03-27|898.950012|898.950012|898.950012|898.950012|898.950012|159459|
2020-03-30|889.900024|943.849976|858.150024|935.799988|935.799988|1825188|
2020-03-31|982.549988|982.549988|982.549988|982.549988|982.549988|64612|
2020-04-01|1031.650024|1031.650024|1031.650024|1031.650024|1031.650024|56186|
2020-04-03|1083.199951|1083.199951|1083.199951|1083.199951|1083.199951|222826|
2020-04-07|1110.000000|1137.349976|1099.000000|1137.349976|1137.349976|595428|
2020-04-08|1194.199951|1194.199951|1194.199951|1194.199951|1194.199951|96329|
2020-04-09|1253.900024|1253.900024|1253.900024|1253.900024|1253.900024|102755|
2020-04-13|1259.000000|1316.550049|1200.099976|1290.800049|1290.800049|3734619|
2020-04-15|1226.300049|1288.800049|1226.300049|1230.550049|1230.550049|1502734|
2020-04-16|1224.000000|1292.050049|1190.000000|1292.050049|1292.050049|1328030|
2020-04-17|1356.650024|1356.650024|1308.650024|1356.650024|1356.650024|1950242|
2020-04-20|1407.000000|1424.449951|1370.000000|1424.449951|1424.449951|1180893|
2020-04-21|1410.000000|1485.000000|1380.000000|1462.099976|1462.099976|2588570|
2020-04-22|1480.000000|1509.000000|1401.099976|1434.449951|1434.449951|2024658|
2020-04-23|1440.000000|1448.949951|1365.550049|1371.349976|1371.349976|1486156|
2020-04-24|1330.000000|1347.750000|1302.800049|1302.800049|1302.800049|911654|
2020-04-27|1262.000000|1329.900024|1240.849976|1267.650024|1267.650024|1469108|
2020-04-28|1280.000000|1331.000000|1235.000000|1328.400024|1328.400024|2001949|
2020-04-29|1364.000000|1364.000000|1305.550049|1319.000000|1319.000000|1254219|
2020-04-30|1340.000000|1344.949951|1315.000000|1324.349976|1324.349976|799125|
2020-05-04|1270.099976|1304.000000|1270.099976|1282.349976|1282.349976|765846|
2020-05-05|1305.000000|1309.800049|1260.000000|1262.000000|1262.000000|656939|
2020-05-06|1264.000000|1268.900024|1202.250000|1216.199951|1216.199951|920899|
2020-05-07|1219.400024|1248.949951|1190.000000|1214.550049|1214.550049|1023241|
2020-05-08|1230.000000|1275.250000|1222.000000|1241.500000|1241.500000|1868126|
2020-05-11|1303.550049|1303.550049|1303.550049|1303.550049|1303.550049|129256|
2020-05-12|1368.699951|1368.699951|1368.699951|1368.699951|1368.699951|172080|
2020-05-13|1437.099976|1437.099976|1376.000000|1437.099976|1437.099976|2267835|
2020-05-14|1469.949951|1475.000000|1382.650024|1389.199951|1389.199951|3802074|
2020-05-15|1342.000000|1377.400024|1325.650024|1330.099976|1330.099976|1285238|
2020-05-18|1310.500000|1314.949951|1263.599976|1263.599976|1263.599976|862737|
2020-05-19|1265.000000|1309.949951|1245.650024|1269.900024|1269.900024|1208900|
2020-05-20|1333.349976|1333.349976|1333.349976|1333.349976|1333.349976|518568|
2020-05-21|1400.000000|1400.000000|1400.000000|1400.000000|1400.000000|186565|
2020-05-22|1449.000000|1460.000000|1400.000000|1422.699951|1422.699951|2602895|
2020-05-26|1449.000000|1449.000000|1373.000000|1377.750000|1377.750000|1167558|
2020-05-27|1347.000000|1414.900024|1331.000000|1391.750000|1391.750000|1205880|
2020-05-28|1389.000000|1404.000000|1362.000000|1381.300049|1381.300049|720583|
2020-05-29|1380.000000|1422.000000|1366.349976|1410.349976|1410.349976|1242170|
2020-06-01|1450.000000|1450.000000|1411.400024|1415.750000|1415.750000|951371|
2020-06-02|1422.000000|1425.000000|1402.000000|1409.849976|1409.849976|636146|
2020-06-03|1415.000000|1421.650024|1389.000000|1392.550049|1392.550049|831337|
2020-06-04|1397.500000|1439.900024|1381.599976|1431.449951|1431.449951|1848723|
2020-06-05|1458.900024|1487.500000|1436.000000|1456.199951|1456.199951|2726144|
2020-06-08|1470.000000|1595.000000|1458.849976|1532.150024|1532.150024|4335145|
2020-06-09|1546.000000|1570.000000|1472.000000|1493.400024|1493.400024|1600207|
2020-06-10|1496.000000|1506.849976|1437.000000|1454.550049|1454.550049|1119922|
2020-06-11|1454.500000|1477.949951|1425.550049|1433.349976|1433.349976|859441|
2020-06-12|1341.000000|1444.000000|1341.000000|1425.250000|1425.250000|1540111|
2020-06-15|1425.000000|1449.000000|1410.650024|1423.250000|1423.250000|733614|
2020-06-16|1445.000000|1452.750000|1380.800049|1411.050049|1411.050049|891190|
2020-06-17|1390.000000|1417.800049|1386.050049|1395.099976|1395.099976|510592|
2020-06-18|1400.000000|1427.699951|1391.349976|1409.599976|1409.599976|649092|
2020-06-19|1420.000000|1446.000000|1415.000000|1423.949951|1423.949951|1500023|
2020-06-22|1430.000000|1442.000000|1412.099976|1416.400024|1416.400024|769499|
2020-06-23|1426.000000|1497.500000|1418.000000|1450.800049|1450.800049|2551175|
2020-06-24|1461.949951|1479.000000|1417.300049|1421.000000|1421.000000|1125673|
2020-06-25|1410.000000|1429.949951|1392.000000|1412.349976|1412.349976|688837|
2020-06-26|1349.000000|1404.000000|1340.000000|1382.250000|1382.250000|1727815|
2020-06-29|1370.000000|1370.000000|1350.050049|1355.849976|1355.849976|716556|
2020-06-30|1370.000000|1384.949951|1356.099976|1358.650024|1358.650024|548360|
2020-07-01|1363.650024|1377.000000|1356.000000|1363.050049|1363.050049|382780|
2020-07-02|1440.000000|1467.800049|1395.300049|1412.349976|1412.349976|2158391|
2020-07-03|1415.000000|1425.000000|1398.000000|1405.099976|1405.099976|599355|
2020-07-06|1405.500000|1415.500000|1394.000000|1400.750000|1400.750000|614895|
2020-07-07|1410.000000|1411.000000|1390.050049|1397.400024|1397.400024|480077|
2020-07-08|1397.000000|1413.349976|1384.599976|1390.099976|1390.099976|472261|
2020-07-09|1396.000000|1400.000000|1381.150024|1385.050049|1385.050049|352987|
2020-07-10|1375.000000|1444.000000|1360.000000|1400.949951|1400.949951|1831886|
2020-07-13|1444.000000|1444.000000|1386.349976|1397.349976|1397.349976|1324689|
2020-07-14|1387.000000|1387.000000|1355.550049|1362.150024|1362.150024|755550|
2020-07-15|1365.150024|1379.000000|1350.000000|1351.949951|1351.949951|554089|
2020-07-16|1355.000000|1379.000000|1335.000000|1364.199951|1364.199951|528359|
2020-07-17|1374.000000|1400.000000|1366.699951|1370.949951|1370.949951|807342|
2020-07-20|1380.000000|1389.000000|1371.000000|1376.449951|1376.449951|505154|
2020-07-21|1381.500000|1412.199951|1376.449951|1390.199951|1390.199951|1155149|
2020-07-22|1395.000000|1398.699951|1370.000000|1372.949951|1372.949951|458127|
2020-07-23|1373.099976|1386.000000|1365.050049|1371.500000|1371.500000|419142|
2020-07-24|1365.099976|1372.000000|1356.000000|1357.849976|1357.849976|376151|
2020-07-27|1358.000000|1361.050049|1342.050049|1344.849976|1344.849976|320652|
