Date|Open|High|Low|Close|Adj Close|Volume|
2019-07-29|461.350006|461.350006|446.049988|449.450012|445.526947|2798936|
2019-07-30|450.399994|454.950012|385.100006|398.700012|395.219940|23721723|
2019-07-31|395.250000|410.350006|381.750000|403.899994|400.374542|15930595|
2019-08-01|395.000000|407.799988|387.100006|395.450012|391.998291|6268517|
2019-08-02|393.700012|414.700012|388.799988|407.450012|403.893555|6013347|
2019-08-05|403.799988|403.799988|382.200012|389.000000|385.604584|5470005|
2019-08-06|384.950012|399.399994|384.950012|395.149994|391.700897|4145312|
2019-08-07|397.500000|399.899994|360.250000|363.450012|360.277618|8296473|
2019-08-08|362.000000|375.000000|352.500000|366.950012|363.747070|10706558|
2019-08-09|372.000000|399.700012|369.000000|384.149994|380.796906|10046237|
2019-08-13|387.250000|389.450012|367.450012|371.149994|367.910400|4641256|
2019-08-14|373.500000|394.750000|366.600006|388.850006|385.455902|5363519|
2019-08-16|386.950012|398.600006|380.299988|396.899994|393.435638|4475951|
2019-08-19|401.000000|412.500000|397.750000|400.350006|396.855530|7335338|
2019-08-20|400.549988|405.649994|385.200012|390.100006|386.695007|6306979|
2019-08-21|390.000000|390.000000|369.649994|372.250000|369.000793|4371595|
2019-08-22|372.000000|377.750000|344.000000|349.350006|346.300690|6763389|
2019-08-23|344.000000|360.950012|338.250000|354.200012|351.108368|6928730|
2019-08-26|369.899994|379.600006|352.649994|375.750000|372.470245|5868821|
2019-08-27|378.000000|384.500000|354.149994|356.750000|353.636078|9239151|
2019-08-28|352.500000|358.950012|286.100006|313.850006|311.110535|34931359|
2019-08-29|313.000000|332.399994|298.399994|319.200012|316.413849|35720452|
2019-08-30|324.000000|331.000000|313.500000|327.200012|324.344025|15090251|
2019-09-03|321.000000|333.399994|311.649994|315.399994|312.647003|12199822|
2019-09-04|314.000000|326.799988|309.200012|324.899994|322.064087|11967960|
2019-09-05|322.950012|327.799988|318.450012|321.899994|319.090271|6765006|
2019-09-06|325.649994|338.899994|317.000000|336.450012|333.513275|11358527|
2019-09-09|338.000000|365.649994|334.100006|360.399994|357.254211|19324883|
2019-09-11|363.000000|380.799988|359.399994|378.250000|374.948425|13954147|
2019-09-12|381.049988|382.899994|364.100006|367.049988|363.846161|10141213|
2019-09-13|369.850006|372.399994|356.750000|371.149994|367.910400|9377590|
2019-09-16|367.799988|369.250000|357.450012|359.799988|356.659454|6512517|
2019-09-17|361.200012|366.799988|349.100006|351.350006|348.283234|5951420|
2019-09-18|354.000000|357.950012|346.299988|348.899994|345.854584|5161056|
2019-09-19|350.399994|350.799988|324.450012|332.100006|329.201263|8199527|
2019-09-20|333.000000|398.399994|325.700012|382.950012|379.607422|23179162|
2019-09-23|386.799988|415.000000|386.000000|398.350006|394.872986|14154555|
2019-09-24|403.000000|406.500000|385.200012|401.000000|397.499847|8140651|
2019-09-25|396.149994|403.600006|377.700012|383.700012|380.350861|8431771|
2019-09-26|386.100006|401.600006|380.000000|384.250000|380.896057|10083072|
2019-09-27|384.049988|388.700012|360.350006|366.250000|363.053162|7475139|
2019-09-30|364.000000|365.450012|320.600006|328.850006|325.979614|16155044|
2019-10-01|331.500000|338.600006|257.049988|299.350006|296.737122|42598532|
2019-10-03|300.000000|319.600006|292.149994|312.000000|309.276703|27052594|
2019-10-04|317.000000|325.000000|299.149994|302.799988|300.156982|14897725|
2019-10-07|304.700012|307.100006|290.500000|302.649994|300.008301|10301440|
2019-10-09|304.549988|312.000000|280.799988|309.600006|306.897644|20701883|
2019-10-10|307.000000|307.799988|283.149994|288.500000|285.981812|16215356|
2019-10-11|288.399994|292.000000|248.100006|266.450012|264.124298|32361125|
2019-10-14|266.000000|278.350006|255.600006|258.899994|256.640167|23405045|
2019-10-15|259.100006|275.000000|241.449997|264.049988|261.745209|37422869|
2019-10-16|265.000000|273.500000|254.399994|258.450012|256.194122|21728117|
2019-10-17|255.000000|293.500000|253.350006|290.200012|287.666992|30328703|
2019-10-18|285.000000|299.000000|280.100006|295.250000|292.672882|22471544|
2019-10-22|296.000000|298.000000|282.000000|286.950012|284.445343|18285859|
2019-10-23|258.299988|270.750000|230.550003|259.149994|256.888000|55032341|
2019-10-24|262.299988|267.000000|246.699997|251.699997|249.503021|16980368|
2019-10-25|252.100006|263.000000|248.000000|260.350006|258.077515|12491819|
2019-10-27|null|null|null|null|null|null|
2019-10-29|263.000000|283.350006|258.000000|276.399994|273.987427|16133901|
2019-10-30|276.399994|291.000000|273.200012|288.450012|285.932251|14528128|
2019-10-31|289.000000|325.000000|281.399994|310.100006|307.393280|33504689|
2019-11-01|312.000000|324.799988|303.299988|310.450012|307.740234|19035303|
2019-11-04|303.899994|317.000000|300.000000|309.649994|306.947205|11952222|
2019-11-05|312.950012|316.200012|296.000000|299.100006|296.489288|10999661|
2019-11-06|298.000000|307.799988|296.399994|304.700012|302.040405|9234744|
2019-11-07|306.600006|319.399994|306.500000|308.450012|305.757690|10313805|
2019-11-08|308.000000|332.750000|305.350006|323.899994|321.072815|23684769|
2019-11-11|323.100006|346.450012|319.100006|343.600006|340.600861|19685006|
2019-11-13|345.299988|352.750000|328.799988|332.600006|329.696899|21763110|
2019-11-14|335.000000|336.000000|314.250000|318.000000|315.224304|16624413|
2019-11-15|321.000000|329.350006|316.200012|317.899994|315.125183|10046670|
2019-11-18|319.850006|325.899994|311.399994|323.649994|320.824982|13153241|
2019-11-19|324.000000|327.750000|319.149994|322.750000|319.932861|11081950|
2019-11-20|324.750000|348.350006|324.000000|344.649994|341.641693|21515989|
2019-11-21|348.500000|359.399994|333.299988|334.899994|331.976807|21150686|
2019-11-22|335.000000|363.000000|332.500000|359.299988|356.163818|23261684|
2019-11-25|365.000000|367.000000|355.299988|360.799988|357.650726|16441956|
2019-11-26|362.000000|364.000000|343.600006|347.200012|344.169464|13009441|
2019-11-27|355.500000|371.200012|353.250000|367.549988|364.341797|23618238|
2019-11-28|372.000000|391.200012|364.000000|381.000000|377.674408|33059498|
2019-11-29|381.899994|385.750000|366.299988|374.149994|370.884216|18571094|
2019-12-02|372.950012|377.200012|362.100006|373.399994|370.140747|16548107|
2019-12-03|378.000000|381.299988|355.399994|365.950012|362.755798|17459355|
2019-12-04|366.649994|374.700012|360.649994|372.899994|369.645111|12443725|
2019-12-05|373.000000|374.850006|362.250000|365.500000|362.309723|9627539|
2019-12-06|367.500000|370.000000|334.149994|338.549988|335.594940|24014739|
2019-12-09|339.149994|345.899994|325.250000|335.149994|332.224609|24248045|
2019-12-10|325.000000|334.350006|317.500000|320.750000|317.950317|18086321|
2019-12-11|322.000000|329.799988|313.200012|324.450012|321.618042|17794514|
2019-12-12|326.399994|337.500000|322.299988|334.549988|331.629852|14262633|
2019-12-13|334.600006|348.500000|334.600006|345.399994|342.385162|14824345|
2019-12-16|346.000000|346.750000|332.000000|336.250000|333.315033|10771435|
2019-12-17|336.700012|342.799988|336.250000|340.649994|337.676605|10547010|
2019-12-18|339.549988|345.149994|333.000000|342.399994|339.411346|8511977|
2019-12-19|340.399994|344.500000|334.649994|342.350006|339.361786|10698542|
2019-12-20|340.000000|351.399994|338.799988|342.799988|339.807831|13890320|
2019-12-23|341.500000|347.000000|332.549988|334.000000|331.084656|9747163|
2019-12-24|335.000000|337.799988|332.649994|334.100006|331.183807|8348658|
2019-12-26|335.450012|336.899994|327.799988|332.600006|329.696899|8817639|
2019-12-27|334.000000|340.600006|333.500000|336.549988|333.612396|7035050|
2019-12-30|336.799988|347.000000|334.600006|345.000000|341.988647|10053529|
2019-12-31|342.000000|347.700012|341.600006|344.850006|341.839966|7075944|
2020-01-01|346.000000|351.000000|345.000000|347.950012|344.912903|7055518|
2020-01-02|347.000000|372.399994|345.000000|369.549988|366.324341|13364375|
2020-01-03|367.000000|367.899994|355.750000|357.600006|354.478668|9763249|
2020-01-06|355.000000|355.000000|334.850006|336.850006|333.909790|9585680|
2020-01-07|343.000000|351.799988|340.200012|344.000000|340.997375|15484836|
2020-01-08|335.000000|348.700012|334.049988|346.000000|342.979919|11093126|
2020-01-09|355.000000|360.649994|352.500000|355.350006|352.248322|8506943|
2020-01-10|355.450012|357.899994|345.350006|348.250000|345.210266|8850157|
2020-01-13|350.750000|360.000000|349.500000|358.250000|355.122986|6192087|
2020-01-14|358.000000|365.000000|352.700012|356.600006|353.487396|7805838|
2020-01-15|358.799988|358.799988|344.600006|350.450012|347.391083|7447505|
2020-01-16|353.750000|354.500000|345.100006|346.299988|343.277283|6328216|
2020-01-17|348.000000|348.000000|341.000000|343.799988|340.799103|6402710|
2020-01-20|345.950012|347.549988|325.000000|328.149994|325.285706|11235136|
2020-01-21|324.100006|342.700012|321.350006|341.299988|338.320923|15717772|
2020-01-22|342.649994|345.350006|332.500000|339.200012|336.239288|10434323|
2020-01-23|330.000000|346.700012|325.049988|339.450012|336.487091|22940771|
2020-01-24|339.350006|339.899994|327.649994|329.700012|326.822205|12712799|
2020-01-27|329.600006|338.500000|327.200012|336.200012|333.265472|8528531|
2020-01-28|337.000000|342.600006|334.000000|339.500000|336.536652|7232941|
2020-01-29|342.500000|343.750000|334.200012|335.350006|332.422882|5576532|
2020-01-30|335.450012|336.000000|320.000000|322.350006|319.536346|8267534|
2020-01-31|325.700012|327.399994|316.250000|318.299988|315.521698|5843485|
2020-02-03|301.000000|315.000000|297.149994|312.500000|309.772339|8919792|
2020-02-04|315.000000|321.700012|307.000000|318.850006|316.066895|6802590|
2020-02-05|319.500000|323.799988|315.200012|317.750000|314.976501|7268841|
2020-02-06|319.700012|340.450012|319.000000|332.100006|329.201263|10768878|
2020-02-07|335.000000|341.799988|328.799988|339.799988|336.834015|8323980|
2020-02-10|338.000000|339.000000|329.649994|331.750000|328.854309|4244659|
2020-02-11|334.000000|346.950012|334.000000|340.149994|337.180969|7783037|
2020-02-12|344.000000|344.200012|331.000000|332.350006|329.449066|5905365|
2020-02-13|334.000000|334.000000|322.850006|325.750000|322.906677|6122098|
2020-02-14|327.000000|328.750000|315.000000|316.549988|313.786957|6980567|
2020-02-17|316.000000|318.250000|306.000000|306.600006|303.923828|8296146|
2020-02-18|308.399994|308.500000|292.350006|302.049988|299.413513|10772240|
2020-02-19|306.850006|311.649994|302.549988|306.549988|303.874237|8087511|
2020-02-20|306.000000|319.500000|303.299988|308.799988|306.104614|10577076|
2020-02-24|305.000000|307.450012|298.200012|301.450012|298.818787|9251535|
2020-02-25|303.000000|311.899994|303.000000|309.299988|306.600250|6937779|
2020-02-26|306.500000|317.850006|304.700012|314.500000|311.754852|11072497|
2020-02-27|314.850006|316.500000|306.500000|309.600006|306.897644|6546773|
2020-02-28|301.500000|303.649994|285.100006|290.899994|288.360840|13613693|
2020-03-02|299.049988|306.600006|276.899994|283.200012|280.728088|8910231|
2020-03-03|288.950012|296.500000|283.600006|292.100006|289.550385|8623424|
2020-03-04|294.500000|297.850006|279.299988|295.850006|293.267670|10404170|
2020-03-05|298.000000|308.100006|289.649994|301.399994|298.769196|10911968|
2020-03-06|271.299988|275.000000|243.050003|258.899994|256.640167|37113414|
2020-03-09|248.000000|248.000000|199.250000|208.199997|206.382706|26417398|
2020-03-11|201.899994|239.199997|201.050003|226.550003|224.572540|36866550|
2020-03-12|203.899994|215.750000|192.600006|207.149994|205.341873|22717652|
2020-03-13|191.149994|220.199997|166.000000|206.600006|204.796692|18875538|
2020-03-16|199.000000|199.899994|156.500000|162.850006|161.428558|32548873|
2020-03-17|167.000000|174.399994|157.000000|164.550003|163.113724|28536311|
2020-03-18|166.000000|173.500000|152.250000|166.949997|165.492767|29704874|
2020-03-19|155.000000|185.350006|154.000000|176.850006|175.306366|20205902|
2020-03-20|176.750000|187.199997|167.750000|171.850006|170.350006|18868793|
2020-03-23|153.350006|162.350006|139.550003|141.100006|141.100006|12125762|
2020-03-24|149.000000|161.899994|128.899994|154.899994|154.899994|12582209|
2020-03-25|147.000000|170.350006|141.000000|161.300003|161.300003|14880639|
2020-03-26|164.000000|177.399994|155.199997|165.100006|165.100006|12302522|
2020-03-27|176.000000|179.800003|158.800003|160.250000|160.250000|14826570|
2020-03-30|155.000000|157.399994|147.500000|150.100006|150.100006|12414821|
2020-03-31|150.600006|155.000000|133.800003|135.500000|135.500000|18469167|
2020-04-01|137.500000|143.649994|127.550003|131.300003|131.300003|16831524|
2020-04-03|136.949997|139.100006|109.250000|110.949997|110.949997|44025004|
2020-04-07|118.949997|118.949997|105.550003|116.199997|116.199997|38387389|
2020-04-08|113.000000|133.600006|110.500000|121.099998|121.099998|42659922|
2020-04-09|127.000000|128.899994|118.199997|120.849998|120.849998|27822036|
2020-04-13|120.000000|120.000000|112.300003|117.599998|117.599998|22327659|
2020-04-15|120.000000|127.750000|118.150002|120.500000|120.500000|28186140|
2020-04-16|118.900002|125.900002|115.000000|124.050003|124.050003|22608464|
2020-04-17|131.000000|135.800003|124.750000|128.000000|128.000000|35278149|
2020-04-20|130.899994|131.000000|118.599998|119.599998|119.599998|26700274|
2020-04-21|114.000000|114.400002|108.500000|109.150002|109.150002|23423330|
2020-04-22|109.000000|109.099998|101.550003|105.150002|105.150002|40495644|
2020-04-23|106.949997|115.650002|104.750000|106.400002|106.400002|59383657|
2020-04-24|104.500000|110.699997|101.699997|107.150002|107.150002|44503626|
2020-04-27|110.000000|117.849998|107.449997|116.699997|116.699997|52209225|
2020-04-28|124.000000|127.900002|121.199997|126.250000|126.250000|58732549|
2020-04-29|120.000000|127.250000|118.099998|125.849998|125.849998|39556095|
2020-04-30|130.000000|136.500000|130.000000|132.149994|132.149994|40808994|
2020-05-04|126.099998|126.300003|117.150002|121.050003|121.050003|24597583|
2020-05-05|125.000000|128.500000|121.599998|122.800003|122.800003|38663534|
2020-05-06|123.199997|134.350006|119.849998|132.100006|132.100006|54138532|
2020-05-07|132.050003|137.000000|126.699997|128.850006|128.850006|58869298|
2020-05-08|132.899994|133.899994|117.550003|119.349998|119.349998|75416787|
2020-05-11|121.949997|122.400002|114.199997|117.099998|117.099998|47660865|
2020-05-12|114.849998|118.400002|111.199997|116.750000|116.750000|37718418|
2020-05-13|125.500000|126.800003|119.199997|121.500000|121.500000|41828857|
2020-05-14|118.500000|126.000000|116.500000|124.250000|124.250000|41302019|
2020-05-15|123.900002|125.400002|120.050003|120.900002|120.900002|24187204|
2020-05-18|120.000000|120.800003|108.849998|109.400002|109.400002|30932148|
2020-05-19|111.000000|113.900002|108.000000|109.849998|109.849998|36530442|
2020-05-20|109.849998|113.449997|108.550003|112.449997|112.449997|21071334|
2020-05-21|112.449997|115.449997|111.050003|112.000000|112.000000|19874175|
2020-05-22|110.000000|114.199997|105.500000|107.250000|107.250000|28508556|
2020-05-26|109.900002|111.550003|108.300003|110.550003|110.550003|16240250|
2020-05-27|110.550003|118.800003|110.050003|118.150002|118.150002|34808608|
2020-05-28|120.500000|123.000000|115.750000|116.650002|116.650002|35971637|
2020-05-29|114.000000|121.349998|112.650002|120.500000|120.500000|36020696|
2020-06-01|122.050003|132.000000|122.050003|129.850006|129.850006|39859941|
2020-06-02|129.500000|130.399994|125.000000|127.150002|127.150002|34065405|
2020-06-03|130.250000|137.800003|128.699997|130.750000|130.750000|52035184|
2020-06-04|130.000000|132.500000|121.300003|122.400002|122.400002|44072776|
2020-06-05|123.250000|128.300003|123.050003|126.250000|126.250000|34395348|
2020-06-08|131.000000|137.899994|130.350006|132.500000|132.500000|49470287|
2020-06-09|134.399994|151.600006|129.550003|140.550003|140.550003|96327769|
2020-06-10|141.699997|168.649994|141.500000|164.199997|164.199997|141321733|
2020-06-11|167.000000|175.500000|158.800003|160.550003|160.550003|112960626|
2020-06-12|151.000000|170.399994|147.149994|168.600006|168.600006|83496381|
2020-06-15|168.500000|168.750000|159.149994|161.350006|161.350006|47099881|
2020-06-16|166.750000|169.750000|155.399994|161.350006|161.350006|45217421|
2020-06-17|160.000000|166.250000|157.199997|162.350006|162.350006|43137712|
2020-06-18|161.000000|165.500000|160.199997|164.800003|164.800003|25544612|
2020-06-19|167.000000|172.350006|164.050003|168.899994|168.899994|44125120|
2020-06-22|170.100006|192.300003|170.100006|182.300003|182.300003|76653018|
2020-06-23|186.000000|189.800003|181.649994|187.000000|187.000000|34279983|
2020-06-24|190.000000|205.699997|182.000000|185.750000|185.750000|88490399|
2020-06-25|181.899994|192.199997|179.399994|189.899994|189.899994|54946833|
2020-06-26|193.300003|198.300003|189.000000|190.649994|190.649994|34516614|
2020-06-29|186.000000|187.949997|177.300003|179.649994|179.649994|32071426|
2020-06-30|183.000000|185.500000|172.550003|173.500000|173.500000|26561621|
2020-07-01|175.000000|177.500000|171.149994|173.949997|173.949997|31114193|
2020-07-02|176.000000|181.350006|174.899994|177.649994|177.649994|36949228|
2020-07-03|180.000000|181.250000|170.800003|173.600006|173.600006|29443398|
2020-07-06|176.000000|180.000000|175.149994|178.050003|178.050003|26821405|
2020-07-07|178.100006|190.000000|177.100006|186.949997|186.949997|52292533|
2020-07-08|189.000000|197.399994|185.000000|186.600006|186.600006|54980768|
2020-07-09|189.000000|192.399994|186.100006|188.149994|188.149994|27866502|
2020-07-10|187.300003|187.899994|178.399994|181.050003|181.050003|29988723|
2020-07-13|185.899994|185.899994|177.100006|177.899994|177.899994|23245654|
2020-07-14|174.000000|174.000000|162.600006|165.000000|165.000000|42830060|
2020-07-15|168.250000|171.699997|163.750000|164.649994|164.649994|34104988|
2020-07-16|166.750000|168.000000|160.500000|166.899994|166.899994|28078078|
2020-07-17|167.199997|171.500000|166.000000|169.550003|169.550003|24101709|
2020-07-20|170.899994|177.300003|170.199997|174.699997|174.699997|28968532|
2020-07-21|178.000000|179.399994|174.699997|176.500000|176.500000|17073853|
2020-07-22|177.600006|179.500000|171.850006|174.199997|174.199997|26671369|
2020-07-23|174.199997|178.000000|171.300003|177.149994|177.149994|14036656|
2020-07-24|174.000000|186.399994|172.949997|182.899994|182.899994|61063425|
2020-07-27|183.850006|184.449997|177.050003|178.800003|178.800003|14933321|
